[-27.18424562  17.6012892   20.23651287] ---- [-26.080719  16.615562  18.346878]
[-22.37181863  10.98341453  12.4468316 ] ---- [-22.271055  10.853416  12.108163]
[-25.63392563 -54.01185221  27.6540618 ] ---- [-24.25339  -55.45362   28.813517]
[  0.9424706  -76.59111709  10.87942189] ---- [  1.2662369 -76.72718     9.476455 ]
[-17.18116337 -57.57880975  22.61617681] ---- [-15.958558 -56.032978  22.413048]
[ 5.81662239  8.21926299 13.10991858] ---- [ 6.16061   8.321016 13.021444]
[-47.70758074  17.80769797  23.85395588] ---- [-48.863018  20.443953  24.345066]
[12.23173207  0.91909314  1.82692299] ---- [11.73699    1.0491819  1.4980363]
[13.25822808 -3.35093945 27.58678849] ---- [12.587633  -3.5970523 26.693756 ]
[  5.93693426 -64.13956165  28.57692996] ---- [  5.5452743 -63.348396   27.98934  ]
[  9.28991154 -33.47173066  28.43855272] ---- [  9.340111 -32.600887  27.397417]
[-22.4548662   13.17767716  19.57566488] ---- [-21.910519  12.179948  18.365122]
[-53.4061708  -29.97858069  23.81627842] ---- [-53.58317  -25.41661   23.028091]
[  6.90672323 -12.90153377   6.90416469] ---- [  7.277582  -13.466392    7.9184213]
[-71.40395158   4.05952073  28.50016093] ---- [-71.63229    4.942686  30.070047]
[12.40934996 10.02340786  0.40388027] ---- [11.749382   10.043569    0.38445836]
[ 7.05017062  9.83166477 13.13738736] ---- [ 6.894388  9.746148 13.183558]
[-15.42576265 -50.82410933   2.82191881] ---- [-15.783552 -49.781807   3.753522]
[13.16169915  8.27875115 31.77280053] ---- [13.961784  8.228383 32.33714 ]
[ 4.1792908   7.83583017 32.8945619 ] ---- [ 3.7432935  7.8142037 32.01821  ]
[16.07508774 10.88184616  6.5757557 ] ---- [15.320242  10.735276   7.1141615]
[-33.71126843 -47.36614139  15.83115198] ---- [-33.877613 -48.368595  16.332779]
[-33.42646837  12.68322996  18.86873165] ---- [-32.14868   12.555765  18.124931]
[  0.13425269 -10.73335316  32.74265772] ---- [  1.1946759 -10.332461   33.504307 ]
[6.65389273 5.39659101 1.3396968 ] ---- [6.626628 5.072007 1.008491]
[7.90435966 5.89256936 1.32813089] ---- [7.771284 5.782268 1.025715]
[-46.79873032 -16.60419779  31.01690848] ---- [-46.39829  -18.227318  29.285494]
[-1.80926997  3.02662171 12.4261948 ] ---- [-1.372072   3.4488442 12.425252 ]
[10.91240527 -0.9484591  14.77970964] ---- [10.568085   -0.75626683 14.018635  ]
[  5.67861343 -20.25300226   2.52878747] ---- [  6.3934097 -20.608507    2.1461248]
[14.50529575  5.79635049  6.77181557] ---- [13.054938  6.183468  6.766126]
[-33.91616849 -50.3607318    5.61163071] ---- [-34.167957  -50.31615     3.7905169]
[  1.8011502  -37.92466792  26.96786679] ---- [  2.5167522 -37.69712    27.597212 ]
[-20.31360463  14.61713611  19.54814405] ---- [-19.933064  13.722856  18.258957]
[-45.8487264   17.52296756   5.76525394] ---- [-47.196457  17.146015   5.475065]
[ -3.31620946 -75.20800169  26.94511414] ---- [ -3.237879 -76.428345  28.284086]
[  1.77253608 -35.76810762   3.19826435] ---- [  3.1943784 -35.984486    2.1997612]
[11.24114043  1.46923181  8.66302348] ---- [11.017861   1.5930026  7.3902025]
[-36.3267917    8.22805422  12.64667219] ---- [-34.683903   9.711925  11.736607]
[-13.28758118 -55.28112925   3.04789576] ---- [-13.666854  -54.07251     3.6031518]
[-25.40902905   6.07882089  24.43915264] ---- [-26.106583    6.1388454  24.621834 ]
[  5.90352697 -57.92323599  15.23315712] ---- [  5.8130455 -57.405605   15.385999 ]
[ -1.76960392 -59.99068149   1.28824744] ---- [ -1.7968669 -61.47399     2.792147 ]
[-9.86474553  9.07546466 18.38661852] ---- [-10.311535   9.229756  18.566853]
[-14.45738983  10.80360031  25.83260834] ---- [-14.771188  10.191121  24.932774]
[  7.39130494 -66.97470754  28.64013238] ---- [  7.6897616 -66.966515   28.248447 ]
[-72.42081836   3.89420777  23.84007875] ---- [-72.79564     3.8392534  23.759356 ]
[  1.72754469 -29.39238536  25.80513275] ---- [  2.4111567 -28.182983   27.376968 ]
[7.4458759  0.02967611 1.73536805] ---- [ 7.7383637  -0.18537845  1.2109269 ]
[  7.52374661 -11.85004888  26.35933103] ---- [  7.399325 -12.472006  26.819893]
[  9.76748986 -54.24666463  20.82924851] ---- [  8.705343 -54.252216  21.516296]
[-26.2622676  -42.79033126  29.0311903 ] ---- [-27.29773  -43.879105  28.869574]
[10.47753745  1.85256768 33.59985717] ---- [10.4738     2.0300229 33.214096 ]
[-65.90132665  -0.5389857   29.42089071] ---- [-65.40828   -0.610249  29.721237]
[ 13.71559061 -35.91853063  22.50082238] ---- [ 13.7812195 -35.7866     21.322454 ]
[11.45575212  9.7537852  31.63192815] ---- [11.717769  9.744545 31.985037]
[-36.77177799 -28.21229032  10.52267803] ---- [-34.861088 -28.398441  10.301006]
[ 3.02416438 12.03994512 26.27960019] ---- [ 3.0807872 12.327216  25.869585 ]
[ 5.00451994  9.16107151 13.46825245] ---- [ 5.268777  9.318603 13.54164 ]
[-32.64558215 -42.64633855   9.52204045] ---- [-32.183514 -43.136726  10.173071]
[ -6.89096918 -64.3246149   34.65226695] ---- [ -7.7484736 -64.51727    34.68296  ]
[-33.69789513  11.53111481   6.03860642] ---- [-32.54989   11.614191   5.723297]
[-39.52607846  14.38615334  24.85362773] ---- [-39.656914  13.589695  24.379898]
[-61.22236735 -11.20770662   3.0098382 ] ---- [-60.749084  -12.40549     4.3544683]
[-29.39120375   6.08172922  31.82531026] ---- [-28.445675   4.833506  30.857433]
[-15.04584291 -63.07116945  22.69739398] ---- [-14.517884 -61.018898  22.477678]
[ -2.6841231  -73.92662386   3.64377549] ---- [ -3.5484922 -74.97491     3.2474368]
[-58.52475307 -20.80538962  17.82239694] ---- [-56.84221  -20.428263  16.949898]
[  9.46114226 -18.27684572  20.37581856] ---- [ 10.364124 -19.525532  21.024948]
[-11.36663697   9.18729269  25.65450384] ---- [-11.513496   8.84768   24.972628]
[15.65514259  5.30189984  0.74167052] ---- [15.435192   5.1876025  1.2744466]
[  4.21005186 -70.11211898   2.34898768] ---- [  3.2305305 -70.938576    3.0202312]
[  7.78289848 -66.42994662   2.52948101] ---- [  7.948854 -65.84149    2.901068]
[ 10.01798207 -60.13565044  21.23236767] ---- [ 10.210214 -60.46259   21.614044]
[-30.30002302 -29.78711176  23.09099283] ---- [-30.696203 -27.938377  22.734837]
[ 9.51865272  3.33100457 33.68361989] ---- [ 9.453156  3.33392  33.145874]
[-58.1924996    5.10308127  12.25301217] ---- [-56.827877    3.5607023  11.405879 ]
[-54.15861181   8.6459819    9.2311317 ] ---- [-53.053387   8.223352  11.669521]
[ 8.90242334 -0.94637701 32.30370022] ---- [ 8.394311   -0.47575903 31.88924   ]
[-62.02422549 -11.54895771  10.1164426 ] ---- [-63.239326 -11.521557  10.609895]
[-44.71495794  11.06109145  29.91313636] ---- [-45.087955  12.017973  30.495987]
[  4.33125698 -73.7322825   28.93086963] ---- [  5.632163 -74.98435   28.16344 ]
[9.23768523 4.13170069 9.44988077] ---- [9.021931 4.614357 8.092245]
[-17.08758138 -56.24895939  22.82943568] ---- [-15.833762 -55.026253  22.49444 ]
[ 6.43796557 -5.89858815  7.67936102] ---- [ 6.778073  -5.7361026  7.8466415]
[11.36831845 12.02157939 30.78117617] ---- [11.925969 12.352434 31.971798]
[  5.62266646 -37.01122474   8.60013015] ---- [  6.5774207 -35.48389     8.619136 ]
[3.8317345  8.95765554 6.83125632] ---- [4.534096 8.90516  7.234965]
[-31.89655076 -43.91776399   4.87277533] ---- [-30.925587 -44.188545   3.764396]
[ 2.09862611 -0.59192289 25.82355064] ---- [ 2.3608947   0.15704069 25.88219   ]
[-16.1171032    7.171372    25.42685372] ---- [-17.19512     6.6218853  24.889006 ]
[-45.99262636   5.70251395  17.41862787] ---- [-47.02712    7.362587  18.0082  ]
[-31.13793064  14.89221069  29.84477073] ---- [-31.104975  14.838798  30.75759 ]
[  3.83931    -51.9866      28.01014559] ---- [  2.9704564 -52.715904   27.82803  ]
[-48.85651769 -17.18164348   3.5172365 ] ---- [-49.15756  -15.955054   4.183742]
[-64.35560111   2.62665926  12.28175725] ---- [-62.979916    2.3315597  11.229145 ]
[ 6.78505381 15.23876568 30.47581336] ---- [ 6.8209224 15.695568  31.77853  ]
[-15.29118329  14.7697738    6.11876549] ---- [-15.718448   13.576592    5.9415064]
[  5.94103524 -67.08998316  21.3025942 ] ---- [  6.373199 -67.89001   21.713173]
[  1.83023871 -72.8075531   34.30156472] ---- [  2.8622916 -73.250626   34.797096 ]
[  8.10658177 -23.02994635  20.14232789] ---- [  9.373764 -23.015434  20.904217]
[-59.33464016  -5.14999875  24.41587643] ---- [-59.39115    -5.5239916  23.367281 ]
[ 14.20205793 -13.37802173  27.43319859] ---- [ 13.077719 -14.5065    26.98224 ]
[-74.34791762   0.96881507   4.21846871] ---- [-78.33189     3.5363426   4.8100486]
[ 7.05218582  5.29701106 15.04336846] ---- [ 7.3418517  5.7076464 14.227678 ]
[-17.74087577 -61.98559058  27.65315405] ---- [-15.85959  -61.60624   28.524097]
[-18.69997823  17.71980706  29.45135278] ---- [-18.435583  18.703588  30.982151]
[-74.981884     4.39586255  18.32512093] ---- [-75.83564    5.93795   17.395266]
[ 1.1211169   8.40672337 33.02812402] ---- [ 0.31946853  8.570046   32.322517  ]
[ -8.30869955 -63.9680707   34.79098167] ---- [ -9.284638 -64.60635   34.94016 ]
[-9.06474881 11.82990518 13.27326251] ---- [-9.554828 11.708784 12.611506]
[ 10.05003539 -60.1792257   21.3550257 ] ---- [ 10.247538 -60.527046  21.724903]
[-35.6483417  -43.89703134  29.20051677] ---- [-34.65409  -44.611095  29.023764]
[  6.18150014 -11.85282076   7.38538664] ---- [  6.5951934 -12.483328    8.292671 ]
[ 13.14678488 -16.26738909  14.04173839] ---- [ 13.420533 -16.811373  14.559743]
[-71.4478171    0.25937504  17.82126601] ---- [-70.52233      0.16020672  17.20008   ]
[12.06211471  0.53252985 14.47285599] ---- [11.895124    0.48128307 13.515042  ]
[  7.89616152 -48.09979007  14.85034721] ---- [  7.274466 -47.509018  15.213795]
[ 9.24682473 17.06902235  6.5377495 ] ---- [ 8.22465   16.389278   7.4941034]
[-5.07394520e-03  7.33115856e+00  1.94729897e+01] ---- [ 0.35397652  8.213431   19.907537  ]
[ 6.2033847  10.54868444 26.65003886] ---- [ 6.2409616 10.620652  26.246874 ]
[ 11.25954781 -18.20896837  33.87602197] ---- [ 10.561135 -18.240822  33.504967]
[7.16545023 6.83429582 1.27378517] ---- [6.9962587 6.768142  0.9619115]
[-19.93714823  11.28195254  25.29895892] ---- [-20.27911   10.296257  24.600262]
[11.26850451  7.74647597 32.30142875] ---- [11.401129   7.6405663 32.08933  ]
[-49.55798775 -14.99459898   3.25275196] ---- [-50.09585   -14.45232     4.2652564]
[-3.93466948  0.90612283 24.76760792] ---- [-3.5765815  1.204121  25.086851 ]
[-7.39846417  9.82383523  6.14013418] ---- [-6.4694724 10.406812   6.150701 ]
[-35.13876163 -43.80517374  29.21143726] ---- [-34.10597  -44.57542   29.010536]
[  3.08264742 -70.21060045  16.22515865] ---- [  3.3014743 -70.90951    15.692393 ]
[ 13.21157493 -18.46619018   2.057925  ] ---- [ 13.197762  -18.606272    1.7285239]
[-54.07771161  -1.37320031  16.84090163] ---- [-55.742455   -0.6823442  17.826805 ]
[ -0.51858928 -69.07141666  20.99913448] ---- [  0.06902267 -68.78029     21.912683  ]
[-2.33186491 16.81914453 25.30231186] ---- [-1.7353355 17.825861  25.301373 ]
[-67.2950638   -9.72371989  14.92188887] ---- [-66.85214   -9.871619  16.99346 ]
[-50.71664922   4.1103392   30.20296136] ---- [-49.93503     3.3458037  30.516874 ]
[-6.64880824 12.89189331  3.15154679] ---- [-5.12768   13.518516   1.4318533]
[-46.83530004   1.95681513  31.21599922] ---- [-45.98376      0.23966128  30.54522   ]
[-41.10744152 -30.69240502  30.97159767] ---- [-40.951923 -30.000624  29.150288]
[5.73575438 3.84774815 1.84051601] ---- [5.9444594 3.2151806 1.5331473]
[ -0.81280781 -75.73345429  33.73900099] ---- [-6.9519266e-02 -7.6825012e+01  3.4545242e+01]
[ -1.22232232 -68.44976867  15.99777246] ---- [ -1.0984107 -67.56861    15.437541 ]
[  4.26836362 -64.38650692  15.53337758] ---- [  3.5322597 -63.908134   15.568085 ]
[ 4.47127105 -5.21501049  8.03934957] ---- [ 4.5806575 -4.6929755  8.058861 ]
[11.05212838 -8.51701757 33.09850323] ---- [10.5282345 -8.413071  33.231136 ]
[11.86560345  3.17824554 21.56722899] ---- [11.53509    2.9301353 20.30125  ]
[ 12.05224749 -49.41131893   3.75462877] ---- [ 11.284805  -48.533123    2.4693654]
[-25.09968234 -58.42066319  20.43045623] ---- [-25.115477 -58.636116  22.613997]
[-47.51924038 -27.09444876   4.74287321] ---- [-47.43341  -27.658312   4.086577]
[-11.09599604   6.18440874   6.26330473] ---- [-11.015474    4.7344365   5.960358 ]
[ 9.60381443 -7.3109794  20.84758419] ---- [ 9.628534 -8.518953 20.665192]
[6.01088022 2.16280061 1.70666434] ---- [6.1569953 1.5049644 1.2023758]
[  5.2224766  -40.66627275  15.65004878] ---- [  5.4971933 -40.34784    15.012623 ]
[-64.93882503 -12.12485532  30.81403896] ---- [-64.0577   -10.879385  29.488739]
[ 5.12643923 -8.20989929 13.51964884] ---- [ 4.7710223 -8.560615  14.179271 ]
[-39.08014316  10.09327806  30.39565383] ---- [-39.586006  10.302404  30.652264]
[-28.29707144   0.67260318  11.83372973] ---- [-29.366951   1.453452  11.980536]
[-16.41814083 -52.71313775   8.73035783] ---- [-16.6575   -52.158474   9.905928]
[ -5.84459663 -26.07219701  33.0078382 ] ---- [ -3.0182576 -26.488642   33.793545 ]
[-52.27400523 -25.74092569  10.15669186] ---- [-52.583176 -25.743738  10.429003]
[ 11.62866072 -25.25520748  28.01690309] ---- [ 11.305697 -24.343424  27.30865 ]
[-22.88119192 -57.72716368  27.07444822] ---- [-21.809906 -58.31517   28.729103]
[-11.16627381 -64.87867405  23.51708955] ---- [-11.2205715 -62.539284   22.34079  ]
[11.62913692  4.56593504 33.30186992] ---- [11.841374   4.4925303 32.889477 ]
[15.88645859  5.24038863 21.26370839] ---- [15.828887  4.769411 20.039986]
[13.48424351  3.98088863  0.96037369] ---- [12.893179   3.8688653  1.135122 ]
[ 11.5609823  -24.77544922  21.06884892] ---- [ 12.69306  -24.429752  21.037775]
[-6.66832073  8.00053171 31.62828342] ---- [-6.5842285  6.8606067 31.366146 ]
[-42.99929606   8.55313131  23.76900105] ---- [-43.560272    9.1231575  24.168722 ]
[-47.37566118 -22.5750158   10.57152537] ---- [-46.106045 -21.718872  10.506369]
[-25.18029256   3.5777389   11.75258798] ---- [-26.039509    4.4482503  12.164952 ]
[-0.47237696  7.86751719 26.13758665] ---- [1.1961958e-02 8.2756033e+00 2.5624151e+01]
[-60.12909497  10.03634061   5.25648114] ---- [-60.84151     9.414872    5.2532687]
[11.6272858  -5.26256507  8.14045659] ---- [11.298819  -4.4496174  8.057782 ]
[ 6.30550121  6.81685442 25.58108376] ---- [ 6.5883517  7.167719  25.3127   ]
[-11.46167326   8.85887062   5.94809905] ---- [-11.274782    8.243166    5.8852253]
[ 2.66291127  7.04419512 13.43964991] ---- [ 3.4889078  7.583338  13.649485 ]
[  9.72967382 -38.24100109  35.47483304] ---- [ 10.090235 -37.639072  33.810837]
[  4.41385022 -65.7078746   28.67203378] ---- [  4.0079603 -65.10313    28.032122 ]
[-7.07660296 14.07266582  6.2954784 ] ---- [-6.4922376 14.220108   6.1271024]
[ -1.73736384 -68.28669279  34.68473269] ---- [ -2.406283 -68.21925   34.532753]
[15.65730374 10.26950621  0.17280853] ---- [15.39621    9.946632   0.8587532]
[-36.48429901 -32.50013871  10.40800125] ---- [-35.630905 -33.10285   10.241815]
[-24.74890165 -45.97467017  23.09994909] ---- [-24.061815 -47.110733  22.586939]
[-48.22844307 -19.47745142   4.06957801] ---- [-48.45039   -17.964312    4.1474433]
[ 8.90722087 13.85499529 19.63559461] ---- [ 8.157539 12.683676 19.162325]
[11.40488447 -1.43608251  7.95915517] ---- [11.475639 -1.131163  7.219054]
[-63.39925472  12.17219106  11.86081422] ---- [-63.335487  11.309665  11.384665]
[ 9.22508048  3.83924169 13.72281018] ---- [ 8.944688  4.345761 12.794574]
[ 7.59948625  0.42536877 13.18432195] ---- [ 7.364143   1.4970192 12.649332 ]
[ 13.23992271 -13.02566011   2.40856631] ---- [ 12.488856  -11.770072    1.9963753]
[ 2.48084692 15.21702512 31.02690177] ---- [ 2.7541928 16.001318  31.793118 ]
[ 0.3890597  11.977235   25.85645519] ---- [ 0.68892956 12.460407   25.536674  ]
[-59.92663327   2.24708297   5.42839089] ---- [-59.26916     2.5624816   4.6103826]
[-34.51080285 -43.68575008  29.24634029] ---- [-33.35358  -44.59916   29.001617]
[ 16.71750292 -34.98916741   2.8701313 ] ---- [ 21.771132  -36.80568     2.2980952]
[-22.11749204 -49.79708161  23.10793574] ---- [-21.032948 -50.41639   22.544462]
[ 8.03542571 -3.28420441 14.58161856] ---- [ 7.7192383 -2.5861795 14.337263 ]
[ -8.51465793 -59.44293365  28.72154449] ---- [ -9.089668 -59.248383  28.73898 ]
[  4.83830917 -75.62639158  28.96103763] ---- [  6.3237486 -78.30891    28.324484 ]
[-18.55279866 -58.8712377    9.10139647] ---- [-17.757303 -58.81893    9.980936]
[ 3.21581354 -2.54887341 20.6027332 ] ---- [ 3.1913733 -1.111838  20.197401 ]
[ 0.50497095 11.3843627   1.37585791] ---- [ 1.0846989  11.695128    0.02855616]
[-17.94440961 -65.31661727  21.13488043] ---- [-19.544825 -64.846375  22.463163]
[-22.38825817 -68.45751441  10.12720533] ---- [-21.752155 -69.433426   9.829386]
[-49.04155737   2.37170976  30.5567229 ] ---- [-47.95996      0.67287594  30.356941  ]
[-25.96930911  11.95914115   5.77317164] ---- [-25.852219   11.257637    5.6276245]
[  2.32100004 -56.1415569   15.64775654] ---- [  1.9139901 -56.535732   15.296669 ]
[ 7.34409054 13.37452381  1.55048802] ---- [ 6.8836265  13.367575    0.88653517]
[-23.52173216 -26.13737273  22.85101138] ---- [-25.17306  -27.135962  22.735708]
[15.54566476 -6.88081346 14.69715007] ---- [15.132887 -6.588049 13.705746]
[ 6.98018259  7.32260648 32.72902932] ---- [ 6.664965  7.417782 31.962826]
[13.53905627  6.47332817 21.29470955] ---- [13.539579  6.02783  20.204042]
[11.51958121 18.29114895  1.67034483] ---- [10.738546  19.979736   0.8908804]
[15.5508208   5.76140534 14.05435838] ---- [14.796922  6.201704 13.381138]
[11.3691971   5.83899652  0.68753191] ---- [10.94418     5.6371903   0.75331485]
[ -9.7012409  -64.69536255  28.20168447] ---- [ -9.304893 -62.943565  28.447958]
[-52.50969996  11.15922115  18.77011261] ---- [-53.80065   11.527482  17.78396 ]
[-56.35767244   5.63603545  17.45871625] ---- [-56.375225    5.7704306  17.835794 ]
[ -3.06780514 -34.89932675  26.25365932] ---- [ -2.514309 -35.69147   27.555613]
[-69.5317456  -18.57638566  11.11932037] ---- [-67.187584 -18.75674   10.673671]
[-27.22884695 -47.48697767   9.04853548] ---- [-27.30672  -47.199474  10.096047]
[-35.49492507   9.23299962   4.60381543] ---- [-34.814983    9.744149    5.4421973]
[ 11.35133042 -59.66219814   3.02354295] ---- [ 11.7549925 -57.971935    2.5716991]
[-10.09961121 -54.97754893  35.06498666] ---- [-10.457318 -55.76719   34.937172]
[  2.68384582 -12.45823263   1.86550984] ---- [  2.0418835 -10.3393955   1.8124222]
[-74.1547232   -1.72828823  12.20016553] ---- [-73.710236   -1.4105132  10.97386  ]
[-11.69686007   6.02872198  12.37285653] ---- [-12.70933     6.1217513  12.347283 ]
[ 12.17351001 -67.49449274   8.39236511] ---- [ 13.623723 -64.860985   9.213202]
[-21.09840782 -59.95214513  21.30996761] ---- [-20.523163 -59.54791   22.46943 ]
[ -8.46079043 -67.11487949  33.94203785] ---- [ -9.777412 -67.524315  34.56356 ]
[ 6.90152757 11.34389039 19.81714981] ---- [ 6.6524043 10.920097  19.240242 ]
[  2.86270439 -66.35049333   9.62531522] ---- [  2.1251645 -67.67048     9.192005 ]
[-19.89712601 -53.17224842  16.04593525] ---- [-18.978628 -53.15542   16.287619]
[8.60883099 8.48424296 1.71512894] ---- [8.386518  8.653963  1.4009358]
[-7.56105456 10.12267337  5.9315603 ] ---- [-6.673123  10.654931   5.9442873]
[  2.48206332 -71.24030373  34.52283082] ---- [  3.5347548 -71.427666   34.678963 ]
[ 6.53991822 15.39814763  1.93372951] ---- [ 5.8211055  15.841161    0.59465116]
[-41.35802826  10.04419699  24.34665061] ---- [-41.63273    10.0371685  24.392794 ]
[-70.0260063    7.30694496  17.85483292] ---- [-68.970406   7.04063   17.603197]
[ -9.07788359 -68.48792991  27.76178798] ---- [ -8.264305 -66.244225  28.453278]
[-24.69843865 -44.56906593   4.40544374] ---- [-24.396614  -44.69221     3.7685354]
[ 4.3996416  -2.77865944  8.35665197] ---- [ 4.5707436 -2.2556393  7.8651266]
[ 7.90374471 10.31576362  7.27898281] ---- [ 7.8865185 10.0472975  7.4559216]
[  9.40507411 -40.25172003  28.42471525] ---- [  8.730906 -40.937057  27.524504]
[18.28602223  9.17937945  6.08210367] ---- [18.23137    9.110067   7.4878225]
[5.95580178 0.15400604 2.32258394] ---- [ 6.224241  -0.3175406  1.6970823]
[ 4.57603776 -1.66724782  8.35713177] ---- [ 4.8861723 -1.1367129  7.7779083]
[ 11.85021477 -60.58674518  27.51765564] ---- [ 11.7884245 -60.44505    27.990934 ]
[11.21068395 12.00058393  6.95982334] ---- [10.799888  11.701043   7.4502015]
[-2.46510788 16.35181395  3.44176583] ---- [-0.39671484 18.084509    1.1964043 ]
[ 6.44452497  2.47513162 27.06062872] ---- [ 6.4742556  3.0335433 26.464891 ]
[-56.90311067 -18.52648568   3.96000194] ---- [-57.206066  -18.018057    4.2600307]
[-10.22670013 -63.04858689  34.61483075] ---- [-11.971114 -63.892315  34.869175]
[-3.02981401 -0.32801191  7.24192991] ---- [-3.0341203  -0.48104972  6.3207846 ]
[10.23576368 15.34964438  6.1395064 ] ---- [ 9.41733  14.546575  7.017673]
[ 9.20464528 10.00262601 32.55283693] ---- [ 9.1098    9.997098 32.552475]
[  3.91374186 -27.54015831  33.85255439] ---- [  4.392878 -26.197523  33.776035]
[-58.53453097 -21.72503147  17.74951062] ---- [-56.965054 -21.207691  16.777481]
[-74.83598882  -1.07839029  12.18784134] ---- [-75.15477   -0.781684  11.081711]
[  6.33623429 -30.55865671  20.88458388] ---- [  7.465001 -28.837387  21.01415 ]
[ 21.05832728 -33.15166824  15.65016434] ---- [ 23.227533 -35.035427  14.783609]
[-64.31230342  -5.21086836  24.31088591] ---- [-64.45707   -4.846645  23.493559]
[ 7.0990585  -5.01893206 33.19523427] ---- [ 7.265011  -4.5178685 33.147575 ]
[-36.63815715  11.23263609  30.43450276] ---- [-37.0299    11.287876  30.590723]
[ 1.79466762 10.91236902 32.5482069 ] ---- [ 1.3875538 10.998807  31.749212 ]
[-60.7606052   -2.76189649  16.6444201 ] ---- [-63.792583   -2.9349012  16.971317 ]
[ -9.22106368 -63.8165265    9.24670099] ---- [ -9.234951 -64.270584   9.712447]
[  3.15787189 -23.98499746  13.71808696] ---- [  3.8486261 -24.709364   14.751896 ]
[-64.10808906  14.04548398  17.83157875] ---- [-65.05891   15.123571  17.582762]
[ 6.8436385   4.94171679 13.39520245] ---- [ 7.0915823  5.496448  12.668595 ]
[ 15.03820479 -24.81152236  28.99838304] ---- [ 15.30767  -25.29475   27.326117]
[-76.7772637    0.5676854   27.26258878] ---- [-78.701675    2.3740175  29.89556  ]
[-34.64038883 -34.72670059  23.15284115] ---- [-35.147964 -33.912247  22.783678]
[-10.1843467  -67.63048554  21.96888042] ---- [ -7.628501 -65.54895   22.05464 ]
[-6.89587014 19.21776447 18.84227099] ---- [-7.6654663 20.006077  18.55574  ]
[13.48622468  9.58544728  6.24483895] ---- [12.547972   9.450087   6.5401955]
[-44.11277964   4.75308025  11.94896027] ---- [-44.873016   6.947581  11.633672]
[3.38906944 7.59295383 1.15761279] ---- [3.557208   6.750298   0.91157395]
[12.91039241 15.71690556 17.98374092] ---- [12.61043  14.49864  19.270344]
[17.56751544  8.33279177  0.30885194] ---- [19.443367   8.0079565  0.9010141]
[14.40569917 -4.74462956 15.54800475] ---- [14.592114  -5.124435  14.4549055]
[ -4.06843193 -67.82920228  34.44778536] ---- [ -5.028387 -67.31724   34.49984 ]
[11.60247911 14.51270178 12.98144719] ---- [10.151344 13.68797  13.194879]
[  5.48153671 -71.48230159  28.79457767] ---- [  6.520555 -72.246735  28.208416]
[-38.57824435   5.670481    23.55477624] ---- [-38.18333    6.4208    24.377005]
[  5.67719349 -14.79080258   7.33579641] ---- [  6.0173297 -15.992338    8.422744 ]
[ 11.82119007 -51.31311674   3.56747037] ---- [ 11.115044  -50.50375     2.5814452]
[-14.72443381  12.51228497  31.76164015] ---- [-14.597478  11.277901  31.129658]
[ 4.26436373  2.79511362 19.99232199] ---- [ 4.8138695  4.116764  20.149628 ]
[-9.59978637 19.39443077  6.73358463] ---- [-9.330632  19.901571   6.0691543]
[-14.72871271   5.30208315  24.9529471 ] ---- [-15.689543   5.072209  24.796995]
[-23.71850846   3.90695614   1.83432237] ---- [-26.039675    2.6918738   5.7121997]
[0.67068578 7.47171194 1.37676518] ---- [1.2119092 6.115629  0.5435932]
[ -9.60580601 -70.24754473  18.08402141] ---- [-11.17679  -69.93856   15.901731]
[-1.13954976  3.3495899  12.29967868] ---- [-0.5132148  3.8039308 12.234759 ]
[ 17.16852126 -21.53260652  21.42848019] ---- [ 18.578331 -22.700766  20.878847]
[13.38159374  0.84919726 20.39320422] ---- [13.291313  0.594415 18.98178 ]
[ 17.60370612 -12.11337355   2.34502828] ---- [ 18.734108  -11.168729    1.9552678]
[-22.05147611  17.77319235  13.5440812 ] ---- [-22.841217  16.772963  12.087911]
[  3.21032268 -61.72085489  28.36510209] ---- [  2.545901 -60.79688   27.90725 ]
[  7.28953685 -66.92469891  15.37620496] ---- [  6.936779 -67.695045  15.486672]
[11.77124527  3.5156984   0.97297558] ---- [11.317599    3.3571777   0.95546794]
[-31.38320788   8.51885773  31.5824427 ] ---- [-31.006046   8.031687  30.832165]
[-3.8992955  14.07708318  2.58514752] ---- [-1.9745475  15.098063    0.37420693]
[ 10.37307885 -47.8235838   14.89211188] ---- [  9.628964 -47.296894  15.090856]
[-68.43409305  -4.20376096  23.01518366] ---- [-68.71578    -4.0707045  23.234982 ]
[-7.70012607 10.98573518 18.80981852] ---- [-7.679491 11.271192 18.680075]
[ 8.76124563  9.13277241 26.8911505 ] ---- [ 8.910557  8.942693 26.421188]
[ -1.84700852 -72.88411678  11.79252056] ---- [ -2.1704154 -73.64931     9.4287815]
[-12.75586201 -64.87645487  22.61558903] ---- [-12.700796 -62.52425   22.031378]
[  6.81891272 -65.02897646  33.53269856] ---- [  8.405492 -64.26783   34.21103 ]
[  4.89676154 -51.33558082   9.92848905] ---- [  4.743561 -53.45127    8.895408]
[  3.45512792 -14.81842069  19.47814333] ---- [  3.8894963 -16.588911   20.880402 ]
[5.67150204 3.75814449 8.46738115] ---- [6.090715  4.0170655 7.7050624]
[ 12.68501747 -66.19079929   8.37922098] ---- [ 14.142113 -63.60438    8.960795]
[14.84964722 -6.23084428  8.06007725] ---- [13.68167  -4.948426  8.00243 ]
[15.51470931  9.09970098 19.40253121] ---- [14.994783  8.86877  19.571455]
[-23.20018021 -67.36771466   5.43145449] ---- [-21.581694  -66.087654    3.5976982]
[  3.61569991 -68.74315377  21.47562833] ---- [  4.1021256 -69.388275   21.863165 ]
[ 6.24529724  3.31013995 19.09495586] ---- [ 6.7598767  4.318907  19.077427 ]
[ 3.98154444 -1.30889837  2.47925504] ---- [ 3.5200913 -1.7041457  1.4613785]
[ -4.09825458 -70.83237797   3.14166075] ---- [ -4.660492  -71.47006     3.1109242]
[-51.25619176  15.04130815  11.83327637] ---- [-51.45459   13.291     11.509746]
[ 2.09601454  8.71491542 33.03408251] ---- [ 1.4256514  8.971277  32.325092 ]
[12.03650657 -5.90816342 33.32985575] ---- [11.58633  -5.317598 33.275753]
[10.76421526  2.31333326 14.89515944] ---- [10.434527   2.6079538 14.13597  ]
[17.4128386   0.36885421  1.60804865] ---- [17.24486    1.0960447  1.576937 ]
[ -8.93119479 -70.23934281  10.84241351] ---- [ -8.840023 -70.19084    9.716053]
[-32.1341266    9.91032203  17.98340482] ---- [-30.997074  10.220761  18.173069]
[-21.49645411  11.15320981  25.02829377] ---- [-21.815731  10.116421  24.44108 ]
[  6.75650006 -16.71589631   2.43017641] ---- [  7.196708  -16.394724    2.0469587]
[-48.44338641 -19.36804478   4.03517417] ---- [-48.795532 -17.834084   4.156016]
[-44.80488404 -24.54789254  30.71404364] ---- [-44.78389  -23.623642  29.183134]
[ -5.12267497 -68.21355543  16.34967976] ---- [ -4.511309 -67.31091   15.760424]
[-24.95151381 -41.4231762   21.1611701 ] ---- [-22.849262 -42.576057  22.642532]
[-6.24748930e+01 -1.83044271e-02  2.98750158e+01] ---- [-61.621384    -0.26797062  29.982906  ]
[11.98000147  3.58566066  1.57893617] ---- [11.413405   3.5335805  1.4490651]
[-0.04386493  7.365815   26.98797888] ---- [ 0.38695312  7.884551   26.40451   ]
[-15.12619729  11.31783565   5.8155952 ] ---- [-15.315341   10.483152    5.8795347]
[  5.57420052 -17.7202242   19.23777182] ---- [  6.7587676 -19.495815   20.829615 ]
[11.9659421  10.93052907  0.5204355 ] ---- [11.270339 10.863839  0.383054]
[-67.84042059   2.97171504   4.71631087] ---- [-68.037       3.8516328   4.6735983]
[ -9.33806117 -59.65765274   8.86042645] ---- [ -9.742564 -60.588596   9.750941]
[ -5.24529643 -69.26234407   3.07292577] ---- [ -5.4476695 -69.77786     3.305638 ]
[  0.46243968 -63.87847684  16.25321873] ---- [ -0.07424373 -63.437122    15.759175  ]
[  8.13422906 -44.85051942  14.92469956] ---- [  7.588609 -44.54909   15.028754]
[  6.82450664 -71.04535373   2.83119064] ---- [  7.61155   -71.45733     3.1000288]
[6.47939222 4.99960262 1.13014562] ---- [6.453621   4.5019584  0.67223877]
[-52.2994005    8.50619803  17.9644811 ] ---- [-53.113552   9.1809    17.831284]
[-15.80968065   9.04223652   5.5520331 ] ---- [-16.422935    7.93076     5.8178625]
[-8.06577778  7.27654806 18.02572136] ---- [-8.383806   7.6517453 18.647263 ]
[ 10.93435534 -23.64183512  33.63650232] ---- [  9.99593  -22.755463  33.364937]
[12.66141201 -3.33422362 27.70739441] ---- [11.942022  -3.4431956 26.838408 ]
[15.59298299 11.98456812  0.76849215] ---- [15.279239  11.999985   1.2235483]
[  4.53401778 -40.69444195  27.26127452] ---- [  4.4561214 -41.10532    27.533064 ]
[ 9.27100831 -3.29366227  8.30087935] ---- [ 9.533221  -2.9653428  7.9320374]
[-1.31872499 12.78336713 32.0196816 ] ---- [-1.2360168 12.41765   31.262812 ]
[-68.90375918   6.93836561  11.3709455 ] ---- [-70.15121    5.997246  11.230457]
[-42.11985533 -30.94074724   5.20874465] ---- [-42.129177  -31.278479    4.0585284]
[-77.13339376   0.68083753  17.62966259] ---- [-77.87117    2.3016    17.393911]
[-2.28957242 18.99623167 13.02283435] ---- [-2.8689065 20.465248  12.564855 ]
[ 2.84226237 13.57484547 27.07411607] ---- [ 2.783273 13.83394  26.66658 ]
[10.61952669 12.29424897 30.81731365] ---- [11.025786 12.492423 31.723166]
[15.80547265 14.38068618 16.48466522] ---- [17.97714  15.04412  19.549334]
[7.56956069 2.6819     1.7223727 ] ---- [7.7562985 2.3655305 1.3418149]
[-39.33585634 -23.49876074  23.44250687] ---- [-38.015842 -23.624512  22.85335 ]
[17.62088294  0.48687164 31.2175179 ] ---- [18.507494   1.9492927 32.935886 ]
[ 8.28584454  8.83855498 19.89734214] ---- [ 8.389975  8.430785 19.471289]
[  8.17181079 -55.44177496  14.8422264 ] ---- [  8.020777 -54.535797  15.222616]
[  4.87696716 -63.79807291   9.34548989] ---- [  3.8859    -64.756676    9.1357155]
[ 0.30388728 14.28571653  6.13043623] ---- [ 0.3889469 15.479776   6.4301295]
[  4.04707544 -50.85552107  35.35515219] ---- [  3.934319 -50.61341   33.95194 ]
[-19.24214683 -57.59718914  34.28933364] ---- [-21.071712 -58.774635  34.867443]
[ 6.94133932  4.32974181 33.22830462] ---- [ 6.532052   3.9900098 32.591087 ]
[-22.1253003  -60.15006379  26.26058369] ---- [-21.570803 -60.699226  28.660685]
[-28.39038117   5.34746508  24.0420091 ] ---- [-28.92553    5.417356  24.495893]
[ -3.62972073 -67.11953272  28.33638609] ---- [ -3.971955 -65.59693   28.477846]
[-0.16972447 17.02002917 24.71684906] ---- [-0.3845986 18.45687   25.090982 ]
[13.56176515  6.46438071 31.6971888 ] ---- [14.270259   6.3171597 31.731787 ]
[15.81463204  8.40464974 14.2780143 ] ---- [15.795874  8.728454 14.175143]
[-52.41915888   6.24366088   5.83038936] ---- [-51.549953    5.7157435   5.296523 ]
[-25.87586511 -34.82590559  10.54845317] ---- [-27.471622 -33.270832  10.162083]
[ 4.96472284 11.15314203 26.21220766] ---- [ 5.0082073 11.247726  25.794348 ]
[ 2.4955502  12.07793517  1.36736024] ---- [ 2.4572182  12.48952     0.25230402]
[6.33562773 8.08576904 7.17552725] ---- [6.8512907 8.087194  7.1090655]
[ 10.26289122 -16.71765945  33.6986785 ] ---- [  9.928089 -16.821344  33.458996]
[ 10.15127463 -32.85082249  35.32571537] ---- [ 10.031821 -31.22133   33.888626]
[  4.51508958 -64.12241378  20.87081719] ---- [  4.750298 -63.679768  21.513842]
[-42.25447712   8.45824598   3.94742322] ---- [-45.656002   11.272384    5.3599653]
[12.42246253  8.56812314  7.10046524] ---- [11.617767   8.523031   7.1811004]
[10.27591128 10.99431013  0.95432408] ---- [ 9.783995   10.906857    0.66066957]
[ 6.59510369  3.78233316 25.55704182] ---- [ 6.84433    4.5829296 25.165846 ]
[-70.46300004   4.92262322  24.01771827] ---- [-70.05336    4.827439  23.840908]
[-32.1025663  -37.49490604  10.1807062 ] ---- [-31.911116 -37.727394  10.142131]
[  1.23018166 -74.63847914  28.14191124] ---- [  2.1522584 -75.07027    28.106615 ]
[ 14.89657213 -11.2111608   14.75143213] ---- [ 14.539952 -11.271599  14.453422]
[-8.9750989   6.17653059  6.65048123] ---- [-8.64158   5.160934  6.187581]
[  6.66072132 -20.55146226  25.97597689] ---- [  6.6556416 -20.329067   27.133291 ]
[-73.54220671   0.14876108  17.77216127] ---- [-72.034996    -0.12163255  17.23236   ]
[17.46303848  3.53308273 14.09453586] ---- [17.930767   4.0604057 13.736794 ]
[-55.85572018 -10.67098578   9.45822525] ---- [-58.467182  -9.722222  10.596606]
[-6.94262173 17.34078178  6.58820942] ---- [-6.123358 17.524265  6.087263]
[-12.49415571   6.82679781   5.64874716] ---- [-12.653601    5.3438015   5.752017 ]
[-32.31867771 -29.0989267   23.27243237] ---- [-32.2112   -27.190176  22.870878]
[-66.93942031   4.57879305  29.32222397] ---- [-66.24439    5.134022  30.093126]
[ 14.98704292 -46.60916116   9.59748508] ---- [ 15.238668 -47.703693   8.752226]
[ 5.52267574  9.95095697 32.52245824] ---- [ 4.8847914 10.202824  31.724012 ]
[-11.04217728 -66.05314712  23.38724717] ---- [-11.620489 -63.79928   22.36618 ]
[14.87817831  3.79157724 21.2066057 ] ---- [14.8494005  3.3740904 19.667479 ]
[-31.08905861 -35.68017644  23.15270954] ---- [-31.408052 -33.912872  22.92354 ]
[ 9.8262587  -1.72068423  1.62635745] ---- [10.151406  -1.5999928  1.3251528]
[-25.62274589   4.58861943   2.47870477] ---- [-27.225437    3.9788778   5.6247096]
[-37.84640221 -36.06890089   5.22340762] ---- [-37.881947 -36.47179    3.879618]
[-35.56429971  16.15762791  28.68252131] ---- [-35.96424   17.368061  30.731852]
[-42.53803245  15.03992319  24.74588193] ---- [-43.599674  14.820781  24.267883]
[-46.91266177 -31.91947464   5.03173311] ---- [-47.83785  -31.980824   4.173463]
[17.23037667  5.50853679  0.6242351 ] ---- [18.208696  5.342051  1.266482]
[-41.76368996 -35.62533784  10.53368512] ---- [-42.671974 -36.5593    10.271296]
[  2.19196181 -72.92174078  10.43102221] ---- [  2.158992 -73.35633    9.600266]
[ 2.82071073 12.97110782 31.75487089] ---- [ 2.9051065 13.170306  31.525293 ]
[ 3.38083031 17.16776177 29.67134344] ---- [ 3.5913997 18.856668  31.612738 ]
[ 11.02230284 -58.48954038  27.68930744] ---- [  9.671061 -57.782383  27.79797 ]
[-53.92839068 -32.30980396  10.4796041 ] ---- [-54.25324  -31.726063  10.335702]
[ 7.53688255  1.68018978 13.61769246] ---- [ 7.4601965  2.5387597 12.9187155]
[ 5.73692737  4.33975578 26.10361034] ---- [ 6.0717096  5.073221  25.730776 ]
[13.79276982  6.39779883  0.7784164 ] ---- [13.135602   6.368785   1.1321186]
[-10.70092918 -72.86991074  17.4672543 ] ---- [-12.799111 -73.31821   15.919635]
[ 6.63078083  5.20725968 19.39044835] ---- [ 7.0639696  5.734215  19.35561  ]
[-46.96656796 -14.26792435  30.9415634 ] ---- [-46.89377  -16.810198  29.339642]
[-16.94967396  18.76251852  24.93893763] ---- [-17.893213  18.648964  24.712431]
[ 7.3162572  16.96048642 24.82557433] ---- [ 6.97887  16.875128 25.560589]
[13.32061144  2.47614176  8.48905764] ---- [12.972487   2.6804469  7.559412 ]
[-43.81498667   8.31425695  17.8043314 ] ---- [-44.36088    9.47459   17.864449]
[15.31578376  9.64551182 18.83461756] ---- [14.701172  9.25587  19.150324]
[  1.94157125 -71.69150422  34.39081476] ---- [  2.8776274 -71.84794    34.562027 ]
[-25.92026018   5.19864219  11.49005826] ---- [-26.304667    6.0176706  11.945326 ]
[ 10.81902873 -67.66279586  15.18745863] ---- [ 11.828054 -67.75318   15.363652]
[-25.23644259  16.59091167  25.39221767] ---- [-25.14723   14.634285  24.728775]
[ 1.87827809 10.86183579 19.84936483] ---- [ 2.3396008 11.329795  19.886223 ]
[-34.65556455   6.9975071   12.4463224 ] ---- [-33.03974    8.39762   11.909598]
[ 14.62507268 -41.71258722   8.61511896] ---- [ 13.553983 -41.43065    8.65076 ]
[ 13.28751243 -69.16310063  21.18629298] ---- [ 17.232536 -70.68922   21.578865]
[ 1.94992743  2.16636328 18.74941919] ---- [ 2.5217137  3.4193914 19.032495 ]
[-0.72824921 11.66961706 12.88830763] ---- [-0.07049193 12.359      12.744387  ]
[-69.97669179  -6.55559242   3.87046573] ---- [-68.6324     -8.128781    4.4737053]
[-17.83227623  16.27520582  19.7410248 ] ---- [-18.031538  15.396736  18.313978]
[  8.74651773 -69.50302192   7.94936582] ---- [  9.087624 -68.01286    9.214801]
[ 11.72794329 -13.97293609   7.23683187] ---- [ 10.824269  -13.859858    8.3858595]
[  3.08730974 -66.68874651  35.15876034] ---- [  3.5408428 -66.81475    34.714756 ]
[-30.81704496  15.77944877  24.94649619] ---- [-30.40872   14.176013  24.455553]
[ 13.64602338 -36.64256684  22.35215486] ---- [ 13.6470175 -36.54733    21.19824  ]
[ 5.56023728 12.07240567  6.75973106] ---- [ 5.497349 12.29121   7.545743]
[-51.40896915   6.38015668  30.00420347] ---- [-50.83621     6.4885178  30.464235 ]
[ 7.26358517  4.38920772 14.23692575] ---- [ 7.4219046  4.9294086 13.373445 ]
[-64.73786812   3.02421206  29.70038869] ---- [-63.39346     3.0165803  30.340767 ]
[  0.93095903 -76.56967937  17.30639442] ---- [  1.491359 -77.615326  15.772331]
[-20.96012434 -53.48350996  28.2040746 ] ---- [-20.058844 -54.467392  28.76798 ]
[-77.88406597  -6.68831309   4.34052488] ---- [-78.83484    -8.095225    4.5547085]
[-38.02507503 -43.94742705  10.13783451] ---- [-38.86173  -44.106163  10.240946]
[ 8.62701113 16.05770853 13.03128034] ---- [ 7.4122024 15.241326  13.434081 ]
[ 14.34279116 -24.63608508   7.20221378] ---- [ 12.77742  -25.67034    8.406615]
[-0.57593962 17.11077289 13.56281469] ---- [-0.70839745 18.445059   12.728383  ]
[4.22593752 5.17963173 8.34999626] ---- [4.9547386 5.2367353 8.033363 ]
[-62.62000387   5.24055678  17.29733745] ---- [-61.980015   4.469417  17.694902]
[ 4.86102745  8.3137121  26.07397045] ---- [ 4.9518914  8.572883  25.626917 ]
[  0.57828822 -50.2839799   15.22163877] ---- [  1.2968538 -51.48429    15.252588 ]
[  7.55479491 -37.06908809  21.2343929 ] ---- [  7.897453 -35.936382  21.077147]
[ -3.88288665 -67.65840141  11.424167  ] ---- [ -3.6532438 -69.49656     9.490307 ]
[  6.27160065 -39.884756     4.06030781] ---- [  6.6746893 -39.69978     2.3309221]
[ -7.48540167 -70.76550165  27.07524868] ---- [ -7.000387 -69.38122   28.419664]
[-36.61651249 -41.06403734  22.9652993 ] ---- [-37.077747 -42.054665  22.6136  ]
[  7.38187708 -65.41704212  28.31197169] ---- [  7.1530185 -65.26984    27.915611 ]
[-32.80395515 -48.52684067   5.49451463] ---- [-32.562233  -48.657368    3.9094317]
[ 14.1058957  -38.50329141  28.75360053] ---- [ 14.259806 -38.569725  27.30108 ]
[-33.43053477  14.55772205  29.80984656] ---- [-33.529438  14.844175  30.737915]
[ 12.61272189 -60.55441008  15.60489939] ---- [ 13.495429 -60.324245  15.612593]
[18.77683679 -1.07157013  1.85131424] ---- [20.255205  -0.3493421  1.5388873]
[-28.09213808  11.09407225  18.62372618] ---- [-26.891472  10.774807  18.154327]
[  7.12295121 -22.76620004  20.07214246] ---- [  8.443409 -22.914114  20.992016]
[-1.87144592  8.02584052 31.85047515] ---- [-2.1889758  7.833246  31.333508 ]
[ 9.92790111  3.99367731 20.62143529] ---- [ 9.963149  4.065914 19.899887]
[6.01271508 8.73308593 7.0474798 ] ---- [6.4428654 8.657043  7.151989 ]
[ 1.46327977  2.61112549 32.07309935] ---- [ 1.6991346  1.9097445 32.22182  ]
[ 6.4551573  17.77885392 17.88334878] ---- [ 5.855538 17.58016  18.934889]
[-11.49012525 -65.21438304  33.9920829 ] ---- [-13.162647 -66.55107   34.95278 ]
[  0.15435888 -69.85458793  10.68105592] ---- [  0.08107899 -71.14291      9.444985  ]
[-14.47183194  11.50600744  12.67019352] ---- [-15.464158  10.920439  12.071737]
[  1.2516877  -76.82033312  28.47123695] ---- [  2.017306 -79.186554  28.278461]
[-70.51907723  -0.94940732   5.56367715] ---- [-7.061876e+01  7.006780e-02  4.839215e+00]
[ 6.70639498 -1.27640586 32.14530103] ---- [ 6.2400055  -0.95184124 32.146606  ]
[-62.80727509 -15.78650833  10.83339813] ---- [-61.538956 -16.83728   10.533829]
[  0.34581926 -60.4929012   34.95274426] ---- [ -0.5431179 -60.064228   34.145264 ]
[15.03122848  1.93567187 15.5169778 ] ---- [14.905713   1.7823709 14.334106 ]
[14.97257181  8.59378165 25.83945775] ---- [15.048149  8.311402 25.895733]
[ 19.85969813 -17.44646101   7.47532797] ---- [ 20.276125 -17.805468   8.325178]
[ 3.17280359 17.61072754  6.37181502] ---- [ 3.1126049 18.34524    6.5056467]
[-40.51000383 -38.327095     5.40067176] ---- [-41.607536  -38.586094    3.9528968]
[ 14.50913023 -26.21062255  28.86000776] ---- [ 14.97391  -26.207758  27.22678 ]
[ 6.00432508  9.78279595 13.35745703] ---- [ 6.0217347  9.808238  13.416476 ]
[-11.67920662   5.36160585  24.9275562 ] ---- [-11.987094    5.0585594  24.733496 ]
[ 2.38620407  5.51822165 26.61126829] ---- [ 2.7426355  6.1848884 26.004023 ]
[7.35622932 5.47793674 1.32004861] ---- [7.3008423 5.2349124 0.9862901]
[  0.12357975 -55.61735121  34.99653521] ---- [ -0.7965199 -55.217205   34.090096 ]
[-26.61002897   5.22696175  11.51161796] ---- [-26.830032   6.080003  11.916801]
[-16.22702919 -56.34535034  23.07079718] ---- [-15.041002 -55.039608  22.541023]
[-19.75917939 -45.3737675   17.15666259] ---- [-20.33439  -44.674488  16.30102 ]
[11.5649101   4.29475944  9.04320707] ---- [10.975117   4.8448462  7.8645625]
[  5.65730818 -54.05474667   2.68136562] ---- [  6.038928  -53.56979     2.6339254]
[  2.1665656  -70.88192181  34.53255626] ---- [  3.0736778 -70.97642    34.534805 ]
[ 1.87918118 -0.45181785 31.10496585] ---- [ 2.4658134  -0.51010406 31.515705  ]
[ -5.9376686  -70.51301057  21.53643122] ---- [ -5.1667213 -69.33795    21.75837  ]
[ 12.51015264 -38.36555962  29.09100417] ---- [ 12.103277 -38.899727  27.50995 ]
[  1.19727035 -69.5780681   15.95691624] ---- [  0.99589545 -69.07788     15.492126  ]
[-32.49923469 -42.73882648  16.85386069] ---- [-33.221935 -43.920082  16.477144]
[ 11.36888603 -29.11003439  21.59881849] ---- [ 12.359678 -28.189196  21.191462]
[  3.26733752 -29.60933756   3.87026615] ---- [  3.164555  -31.257061    2.2411897]
[-46.61418228 -23.77647557  10.40410456] ---- [-45.434742 -23.20852   10.477955]
[-14.66495521   4.03823859  24.86174274] ---- [-15.319379    3.6655626  24.804516 ]
[-73.29582055 -10.46393956  15.85972778] ---- [-73.330765 -11.379296  17.238245]
[ 15.31979124 -13.82727015   2.39221997] ---- [ 15.233251  -12.5912695   1.9994602]
[3.62698977 0.36295501 7.11060897] ---- [4.225604   0.47378996 6.532731  ]
[-48.76911151  11.55293554  29.30769254] ---- [-48.795982  13.397238  30.482433]
[9.65251311 3.28342775 1.29127175] ---- [9.512378  3.2239637 1.0319672]
[-35.36355128   7.10790079  17.03666052] ---- [-34.593597   8.048741  17.940636]
[  3.28029753 -14.67214299  19.51222767] ---- [  3.6852148 -16.44882    20.857613 ]
[  5.42000436 -66.55770309  21.00459137] ---- [  5.6382318 -67.11526    21.60045  ]
[ 1.5694801  14.7862529  13.03427397] ---- [ 2.0835476 15.542607  12.669181 ]
[ 0.07361921  7.00556009 19.54229106] ---- [ 0.4034674  7.8979597 19.990557 ]
[11.05660264 -5.22739975  2.39808512] ---- [10.57884   -4.0659075  1.7841108]
[-65.4606974  -14.56432515  24.1066405 ] ---- [-65.613525 -14.103637  23.433283]
[-58.55556268   9.6866579   18.58782504] ---- [-58.904205   9.474117  17.758451]
[  1.37648288 -12.72881038   7.32816229] ---- [  0.761787 -12.973977   8.25323 ]
[-30.28829194   3.74528887  24.06422398] ---- [-30.322199    3.7845728  24.373423 ]
[ 13.72190239 -47.04799543  28.48453763] ---- [ 12.229606 -47.453842  27.694246]
[-38.59966537 -32.18258449  31.21133121] ---- [-38.513187 -32.05857   29.04966 ]
[-53.35558738 -15.38603194  16.03779046] ---- [-53.788757  -14.7509985  16.784218 ]
[-65.66932678   1.45418864  24.32118809] ---- [-64.87558     0.6024045  23.695478 ]
[ -4.98367534 -67.19663819  21.32705458] ---- [ -4.3286533 -65.559944   22.305262 ]
[ 2.46384013 13.09214951 25.72930044] ---- [ 2.4792523 13.396341  25.362862 ]
[10.95581278  5.09256531  1.2682918 ] ---- [10.510016   5.053395   1.1670269]
[  1.91424694 -15.62598815  26.08589279] ---- [  2.253901 -16.351702  27.137531]
[  0.75995197 -65.58907353  34.84620365] ---- [  0.28438196 -65.58413     34.342976  ]
[ 2.5007287  10.864358    5.65054602] ---- [ 2.6705682 11.528117   6.2553515]
[  4.35315724 -70.42649681   2.41576274] ---- [  3.448832  -71.07682     3.2315226]
[-12.97927004 -64.28674526   9.37878971] ---- [-11.793337 -64.17741    9.664861]
[-12.5002711   10.42743545  12.62427487] ---- [-13.132912  10.190744  12.150753]
[-74.91822238  -4.60068308  14.92460619] ---- [-74.68351   -6.37082   17.226938]
[-32.84454915  11.86041502  30.78716532] ---- [-32.554924  11.329944  30.654383]
[-3.42866902  9.20899936 25.73469472] ---- [-2.6580944  9.42998   25.197104 ]
[-68.38234832 -10.08903091  30.20084003] ---- [-68.32823   -9.544518  29.693083]
[-11.47717411 -60.55116662  16.69315336] ---- [-11.651668 -60.739502  15.948026]
[-17.15140608   6.80197821   5.74298079] ---- [-18.461718    5.5664105   6.0219216]
[ 7.89928017  5.90111406 32.37321573] ---- [ 7.7738996  5.749466  31.535463 ]
[  6.07342332 -59.62500816  15.13501681] ---- [  5.8357363 -59.32802    15.348819 ]
[ 3.7409647  13.34590005  5.84765113] ---- [ 3.4865866 13.928201   6.5314827]
[  9.77811775 -46.29073928  27.90175844] ---- [  8.415724 -46.930283  27.605326]
[  3.52710858 -25.37696302  20.28359948] ---- [  4.90159  -24.985619  21.035461]
[-18.12129879  13.51703645  31.6546309 ] ---- [-17.673475  12.509193  30.974161]
[-65.70768505   6.73115001  16.54445989] ---- [-64.63383     5.6148424  17.148975 ]
[ 11.91245582 -52.22931537   9.66679557] ---- [ 11.870549 -51.872158   8.911671]
[ 12.926935   -38.14337343   2.08683579] ---- [ 14.547995 -39.01699    2.400685]
[-10.62743993   9.76104883  18.88183467] ---- [-11.088403   9.747406  18.849663]
[-39.36628968   0.99297457   4.71750338] ---- [-37.83411     -0.14454013   5.457675  ]
[10.97455197 -3.79164758 33.20236603] ---- [10.421577  -3.0666203 33.06585  ]
[-10.39714634   7.26342827   6.13283625] ---- [-10.238073    6.206751    5.9355483]
[-2.97578735  9.95924966 31.91728185] ---- [-2.9316878  9.544633  31.41255  ]
[ 11.13483952 -53.97831832   3.30180195] ---- [ 10.413123  -52.69659     2.6154056]
[ 13.28915401 -13.16454431   7.34978824] ---- [ 12.178988 -12.632469   8.307867]
[1.96097478 8.54958904 1.55964259] ---- [2.2860506 7.919299  1.1881313]
[-8.95330063  8.56454883 25.2203681 ] ---- [-8.715402  8.472854 24.762306]
[-11.5430672  -63.92981952   9.38763678] ---- [-10.676521 -64.10075    9.705292]
[ -0.9777129  -75.08332204  17.35450204] ---- [ -0.7031842 -74.931755   15.541364 ]
[ 17.55235538 -44.36474746  22.40032807] ---- [ 17.255964 -43.981915  21.283264]
[16.08822761 -3.90087097 27.14466907] ---- [16.575014 -5.004003 26.869356]
[ 2.59718315 -8.54686231 20.47322692] ---- [ 2.7568102 -8.913512  20.623955 ]
[-3.64916039  5.87055961 18.11790547] ---- [-3.6601279  6.707554  18.744293 ]
[-25.87870983 -50.80227773   9.06040268] ---- [-25.4211   -51.048157  10.059628]
[ 8.24789458 -5.06737418 14.50111817] ---- [ 8.053836  -4.9360843 14.341548 ]
[ -1.80533333 -54.94356523  21.68219192] ---- [ -1.5668181 -54.83575    21.612705 ]
[  0.25731709 -65.71849305  16.02703521] ---- [ -0.11850785 -65.11232     15.647909  ]
[-59.4987013  -19.09912867   4.23886292] ---- [-58.763412  -19.057617    4.3365645]
[-66.17300496  -3.83734792   5.67017288] ---- [-66.0467     -3.2229645   4.6169047]
[5.99473856 9.17317291 6.36493481] ---- [6.384095 9.004696 6.587835]
[11.95384447 -7.77762034 14.64255384] ---- [12.275152 -8.664568 14.468148]
[-56.53756164 -20.98872198   4.64838919] ---- [-56.6437   -20.640207   4.322106]
[ 12.34263541 -18.7139723   33.73743792] ---- [ 11.353185 -18.804846  33.40171 ]
[ 3.30602994  6.30011703 33.2720537 ] ---- [ 2.8103664  5.815406  32.51466  ]
[-6.3650448   2.96552036 24.38648047] ---- [-5.731744   2.8731005 24.741657 ]
[11.86409766  7.78208449 32.4064475 ] ---- [12.227358  7.723025 32.426994]
[-70.42319395  -3.30435883   5.77189151] ---- [-70.49501    -3.0569925   4.83831  ]
[ 11.71966374 -52.13597205  14.91979508] ---- [ 11.385435 -51.714363  15.032178]
[ 3.76361138  5.44507955 25.79116577] ---- [ 4.1212516  6.188644  25.42193  ]
[ 10.85967349 -50.08150509  14.87661205] ---- [ 10.184163 -49.63879   15.104536]
[ -9.63621008 -63.49812428  28.32305088] ---- [ -9.502065 -62.138336  28.548199]
[ 5.42538638  5.41445986 32.5541904 ] ---- [ 4.9789586  5.2066717 31.623701 ]
[ -3.70967028 -70.79209705   3.04906556] ---- [ -4.415759  -71.31836     3.3131883]
[-38.18759034 -41.97890834  29.74124425] ---- [-36.622574 -42.47949   29.03737 ]
[ 10.32725795 -35.23394963  35.34834968] ---- [ 10.546837 -34.034737  33.74598 ]
[  7.97308346 -53.71808148   9.90427905] ---- [  7.638538 -54.304905   8.980231]
[11.39560793 16.56546696  6.00957089] ---- [10.771146 16.033665  7.091022]
[  0.72527444 -43.34388875  27.07183749] ---- [  0.7639748 -43.939907   27.620409 ]
[-8.76094714 13.4830159   6.10890666] ---- [-8.24802   13.442784   5.9878097]
[-57.71958353  11.68589359   4.29968955] ---- [-58.1236    13.568378   5.134779]
[-22.88982946  12.43509051   5.7947876 ] ---- [-23.257008   11.46379     5.7567835]
[14.23303678  3.21371021  0.9330431 ] ---- [13.628131   3.1811032  1.1494404]
[  1.58079147 -43.68690897  26.77570001] ---- [  1.5785894 -44.371735   27.427881 ]
[  7.02416471 -68.28540483   8.65523915] ---- [  6.6609507 -67.56331     9.39153  ]
[10.07219957 -3.56812341  1.19554001] ---- [ 9.92554   -3.0786653  0.8111786]
[  8.77507267 -42.87303557  21.29693465] ---- [  8.18108  -42.623577  21.373121]
[-68.40810425  -0.85863681  17.54625503] ---- [-69.15686    -1.0450398  17.287388 ]
[  1.5464689  -64.92456646  34.91483061] ---- [  1.0483694 -64.875275   34.299534 ]
[ 1.78570584 12.41814269  2.06548958] ---- [ 1.9056386 12.5268     1.0118406]
[5.52979764 1.92444591 8.23942987] ---- [6.1020427 2.1245337 7.6720147]
[ 19.4933431  -30.43156952  31.90766843] ---- [ 24.213701 -30.525879  33.611362]
[-67.93742595 -16.0541458   29.77712673] ---- [-69.60074  -14.381605  29.547537]
[12.47702999  0.19114723  2.01681974] ---- [11.996183    0.36379415  1.6388967 ]
[  9.89905858 -55.11846635  33.40261184] ---- [ 10.843685 -54.33485   33.99363 ]
[-0.25614425  6.76272711 13.03586997] ---- [ 0.6159841  7.5863624 13.565807 ]
[ 4.10084163 -5.44652118 20.84035361] ---- [ 4.271247 -4.438264 20.476498]
[ 15.30596173 -40.72439159  28.81212625] ---- [ 15.389553 -41.068806  27.513502]
[-54.26178976   4.49335291  11.80974968] ---- [-53.99652    3.370324  11.316489]
[18.1430903   3.98144052 29.63435158] ---- [19.633945   5.8630996 32.42762  ]
[-46.69676451   2.64943876  17.25386912] ---- [-47.193245    4.1986446  17.911242 ]
[-25.70247464 -41.55880682  10.11298627] ---- [-26.532763 -41.055744  10.055156]
[  0.73154983 -68.90053576  34.85415392] ---- [  1.0379359 -69.0283     34.573696 ]
[ 1.06910322 10.08447013  5.92628224] ---- [ 1.3701887 11.054073   6.33289  ]
[-66.31367297   9.39705406  10.71639775] ---- [-67.43393    8.023221  11.011263]
[ 4.25521587 11.74670411 26.3800817 ] ---- [ 4.290726 11.86698  25.914103]
[ -5.90740504 -67.03468859   2.59890675] ---- [ -5.8944745 -67.903336    3.2055974]
[-16.75726242 -50.52133832  28.55346378] ---- [-16.403992 -51.692665  28.836266]
[1.42161571 5.73890935 6.69962792] ---- [2.5873373 5.3923635 6.625111 ]
[-64.7713083   -3.52659079  24.40308894] ---- [-65.09458    -3.3460965  23.686111 ]
[ 1.46963102  3.60471458 12.70957018] ---- [ 2.460534   4.230272  12.6125555]
[-64.99790209 -11.19932648  15.44762732] ---- [-64.68651  -10.879986  17.05774 ]
[-12.81344471 -57.07429548   3.24285551] ---- [-12.792119  -56.266907    3.5666325]
[ 4.64824015 20.43197511 21.58137969] ---- [ 4.8851395 23.510721  25.254839 ]
[-0.67527397  4.91894558 32.49657316] ---- [-0.9885123  4.355258  32.28429  ]
[-2.5564489  13.36764908 19.17038963] ---- [-2.5083058 14.211686  18.799442 ]
[  8.63502052 -29.17731912  27.54203753] ---- [  8.644532 -27.605747  27.237658]
[ 1.64001366 12.41748872 33.0098645 ] ---- [ 1.3286507 12.685845  32.778614 ]
[-32.12520359  13.0086798    6.23494404] ---- [-31.120804  12.773264   5.794094]
[-18.53574354 -55.86875398   4.09050997] ---- [-17.830269  -54.958622    3.7122917]
[-7.17301274  0.74655609 18.21554465] ---- [-7.356474    0.36101532 18.57163   ]
[  9.71217634 -70.26238905   3.36013604] ---- [ 12.276869  -69.94165     2.9628177]
[ -2.26510878 -72.34080409  17.09254577] ---- [ -1.8751371 -71.43545    15.654531 ]
[-24.31639651 -46.44873644   4.4121767 ] ---- [-24.326118  -46.488853    3.8705404]
[ 10.12860438 -29.68034734   8.0051423 ] ---- [  9.39827  -29.915325   8.480005]
[-40.66621715   9.18321553  23.92247564] ---- [-40.749176   9.44605   24.280727]
[-10.27642286   6.92842666  12.38815314] ---- [-10.708895    7.0581293  12.317288 ]
[ -1.71407396 -53.9951514    1.31143555] ---- [ -0.9991931 -55.24086     2.6915643]
[ 1.36204806 18.2121028   6.30460507] ---- [ 1.8005191 19.422106   6.1512547]
[-1.46757441 14.78458917 31.45486143] ---- [-0.9770434 15.587531  31.878294 ]
[-2.55922757 10.92077212  6.67936569] ---- [-2.0344832 12.207924   6.746972 ]
[2.35863382 8.74120465 1.5152552 ] ---- [2.615051  8.190266  1.2122664]
[ -4.91692364 -70.12638353  34.20605184] ---- [ -5.484141 -69.85984   34.65795 ]
[ 5.41861058  5.91596046 25.95127278] ---- [ 5.7617793  6.512142  25.671656 ]
[  3.58309476 -55.66445179   2.29132748] ---- [  4.2724147 -55.564957    2.6372895]
[17.01713436 -1.58234422 20.65717852] ---- [17.516222  -1.5964248 19.730661 ]
[-24.85889018 -52.8317854    8.97260298] ---- [-24.398628 -52.85284   10.004359]
[-70.03902383   0.80955061  18.16216202] ---- [-69.73148      0.72755766  17.26215   ]
[-25.62030005 -49.15062998  22.09515315] ---- [-24.244184 -50.215458  22.456738]
[-64.03697659 -18.53582056   4.29802366] ---- [-61.809967 -18.577278   4.254163]
[-12.59941024  13.7313536   13.33816251] ---- [-13.103687  12.676478  12.138286]
[  9.80506295 -43.39260713   8.42018167] ---- [  9.009885 -41.851257   8.778957]
[-39.82316866 -40.08252102  30.51592264] ---- [-37.901676 -40.4128    28.987421]
[-7.39305615  0.74630289 24.47004836] ---- [-6.7362843e+00  1.9233676e-02  2.4901091e+01]
[-39.32553058 -41.65345478  17.3581639 ] ---- [-41.274433 -41.948586  16.51738 ]
[ 7.37841741 11.5026981  20.61692048] ---- [ 7.0629287 10.931143  20.04255  ]
[10.49844053  1.1432819   1.96810309] ---- [10.40452    1.1660167  1.5663903]
[-13.2804471   10.07317306  12.70068696] ---- [-14.09955    9.881222  12.267232]
[  3.2240004  -20.72987657   7.22295412] ---- [  3.4320922 -21.483212    8.364302 ]
[-14.50606162 -56.77897818  34.66117987] ---- [-16.430376 -57.98563   34.992752]
[-48.20494933 -23.05432147  10.39387518] ---- [-47.52072  -22.676792  10.409573]
[ 8.51939926 -2.67809078 31.79158242] ---- [ 7.958916 -2.073826 31.40465 ]
[-25.22706899  17.0544329    5.84595892] ---- [-26.091364   15.958308    5.7095184]
[-2.16882617  8.57745589 13.45979699] ---- [-1.5488701  9.294096  13.682283 ]
[  8.89368666 -46.52464287  14.64280848] ---- [  8.2175   -45.885254  14.894251]
[-18.56076829   7.26531577   5.21325852] ---- [-19.81462    5.990102   5.648422]
[-71.99531329  -5.38353162  29.00001436] ---- [-71.9358    -5.606394  29.512587]
[15.24014884  9.22806414 19.68120068] ---- [14.712988  8.90247  19.79344 ]
[-28.79084472 -48.87557095   8.86092569] ---- [-28.975817 -48.42997   10.081439]
[-56.48966262 -24.80855331  18.14943659] ---- [-56.147198 -23.977901  16.75561 ]
[-25.51905695 -54.82106656  14.8610719 ] ---- [-24.157822 -54.96291   16.238201]
[  8.94781684 -16.7342875   13.47090825] ---- [  9.649563 -18.056217  14.700989]
[ 16.6008992  -44.76555096   9.44639509] ---- [ 17.984705 -46.683865   8.850082]
[-66.08498389   9.80614292  24.00328238] ---- [-65.996895  10.741963  23.635296]
[  3.33080333 -65.35180576  21.14814167] ---- [  3.5498502 -65.02589    21.66398  ]
[10.07763488  3.58689775 21.16975264] ---- [10.08704    3.6922197 20.394526 ]
[-44.6052528    4.49230014   5.29029322] ---- [-43.927765    4.4383287   5.294398 ]
[-9.33145322 10.32709876 25.64284866] ---- [-9.088319  9.870325 24.763788]
[ 6.50668517  7.3944581  14.19928097] ---- [ 6.9220476  7.4341164 13.717962 ]
[-46.06087234 -26.15086739   4.60770252] ---- [-45.436893 -26.60227    4.013356]
[10.4560426  -2.95601537 14.77121947] ---- [10.320108  -2.8656738 14.167924 ]
[  8.47360074 -18.84055737  13.5021325 ] ---- [  9.1618   -20.153027  14.541071]
[15.16525964 -9.78874603  2.23812054] ---- [14.00018   -7.9279037  1.878975 ]
[-51.77016708 -17.79969182  10.28461206] ---- [-52.569492 -16.574972  10.534567]
[-57.96169287 -18.06891832  10.88291392] ---- [-57.538204  -18.930254   10.5973625]
[-32.0798055    3.69544676   4.80432823] ---- [-31.285555     0.73777914   5.552659  ]
[12.87269356 12.47650361 19.4654814 ] ---- [12.2230215 11.111821  19.555054 ]
[  8.84838331 -21.64439096  33.77458366] ---- [  8.463378 -21.09853   33.472206]
[ 10.79837861 -57.67562616   9.34093681] ---- [ 11.076527 -56.847004   8.852145]
[ 7.96812961 16.97159865 29.02094206] ---- [ 8.408495 17.681517 31.672249]
[ 6.37201367 12.53313319  1.63994628] ---- [ 5.9917655 12.423017   1.0988342]
[-67.96521648 -11.56461726   3.32202914] ---- [-65.61687  -13.036328   4.470016]
[-31.56393154 -53.05433646  20.37984423] ---- [-31.76053  -54.54402   22.622293]
[11.9185991  -4.28397606 20.96426378] ---- [11.785089  -5.1839175 19.971882 ]
[14.42683799 12.6903194  13.36734529] ---- [14.535843 11.909968 13.403239]
[ 8.94289102 16.48908284 19.2623709 ] ---- [ 7.904775 15.479238 19.476492]
[12.4218621  -5.26341798  7.83510314] ---- [11.886154 -4.329305  7.754014]
[-21.8936017  -46.38541848  16.85149841] ---- [-21.947308 -46.24177   16.280064]
[-59.34816061 -24.13425144  23.60912454] ---- [-63.12714  -22.198277  23.112726]
[ 4.6224026   9.97740392 13.78260092] ---- [ 4.8242273 10.145186  13.908604 ]
[-36.53766519  15.97107631  20.11426396] ---- [-35.623497  15.541903  18.137384]
[13.02356816 -3.62998452 21.3093847 ] ---- [12.948206 -4.602147 20.20795 ]
[ 0.81550867  3.77236805 31.62900349] ---- [ 1.0016412  3.1873336 31.36215  ]
[ 8.11048508 13.65807244 26.11275874] ---- [ 7.9595866 12.655575  25.69654  ]
[-67.70933318 -10.99830828  30.40302707] ---- [-67.483154 -10.324173  29.80639 ]
[-49.96574142   5.78598066   5.6689311 ] ---- [-49.170734    5.5463805   5.2544484]
[15.15774599  1.51945509  7.66526318] ---- [14.803834   1.7218934  7.2914124]
[-61.27413021 -11.86065947  24.17258536] ---- [-60.66123  -11.345092  23.286392]
[14.04398089 -1.30201348 27.78950293] ---- [13.233971  -1.6268862 26.846102 ]
[-0.5782715   4.2168512  13.55621296] ---- [ 0.07716969  4.996054   13.750379  ]
[-3.00530382  3.5211916  30.95824676] ---- [-2.588147   2.8238292 31.272171 ]
[ -1.33228044 -25.6150483   19.3628934 ] ---- [ -1.855254 -26.827143  20.971064]
[-78.20351753 -10.25270824  26.86672342] ---- [-81.418755 -11.51503   29.70857 ]
[ 6.14523467 14.59287115 19.4756042 ] ---- [ 5.903458 13.976351 19.177895]
[  8.28265926 -65.62516041   9.23989904] ---- [  7.5012617 -64.9252      9.403218 ]
[ -4.32423658 -77.67260544  23.41767436] ---- [ -5.637258 -82.387726  21.990082]
[ 8.35608902 -3.46432999 14.1300324 ] ---- [ 8.016743  -2.8819952 13.974132 ]
[-23.31358613 -58.98988586   4.81942523] ---- [-22.396584  -58.31597     3.6268191]
[ -0.58987402 -50.15907241  20.52278226] ---- [  0.06080138 -50.117336    21.229776  ]
[ 5.82296559  6.26456512 33.48721149] ---- [ 5.175257   6.1021805 32.70573  ]
[ 7.66893613 -0.08359741  1.93471608] ---- [ 8.038744   -0.22500817  1.4274058 ]
[ -9.212098   -73.02886103  27.13259274] ---- [ -8.976965 -74.06352   28.575926]
[ -0.75058304 -70.08646728  16.49484352] ---- [ -0.51547265 -69.18435     15.783106  ]
[-20.40017174 -50.55240623  16.2584488 ] ---- [-20.080992 -50.647976  16.135265]
[7.20672722 3.94732372 1.82321885] ---- [7.382229  3.536843  1.4900606]
[  1.46275657 -62.12394961  28.92569878] ---- [  0.8233353 -61.35655    28.105587 ]
[-13.93155169   7.4991194   25.16970186] ---- [-14.480941    7.0859494  24.642756 ]
[ 2.17200723  6.25567212 12.55052416] ---- [ 3.1062644  6.7946067 12.757875 ]
[-59.61995018   1.49881222   5.63850162] ---- [-58.970676   2.051144   4.738986]
[-9.76096436 11.06436903 31.55109965] ---- [-9.967331 10.067655 31.20673 ]
[-53.44931854 -20.55237291  10.7347054 ] ---- [-53.47637  -21.060982  10.488583]
[  7.91289296 -46.41154139   3.44432852] ---- [  7.4996533 -45.772118    2.5475311]
[-42.63155263  11.41940972  29.92061486] ---- [-42.762543  12.112297  30.593628]
[ 12.23871632 -16.43033226  27.0717578 ] ---- [ 10.919017 -16.903872  26.955732]
[-71.15181051 -17.19399104  16.50414648] ---- [-71.350815 -17.373693  16.991623]
[-53.2349466  -28.36306216  10.15651133] ---- [-53.56371  -28.065575  10.377712]
[-73.11348227   1.97298975  22.84348582] ---- [-73.4506      1.5092589  23.412184 ]
[ -1.04462682 -41.49576547   1.90145914] ---- [  0.45273152 -43.40094      2.5593426 ]
[-54.6627046   -2.99629404   5.66309939] ---- [-54.429802   -1.520188    5.2292843]
[-34.93291766  19.23782666  24.18110567] ---- [-35.92045   20.18303   24.410814]
[  0.86276248 -40.78028725  21.12315612] ---- [  1.1175461 -41.53236    21.253006 ]
[-19.35990134 -66.52511272  15.24509561] ---- [-19.139187 -66.832016  16.102657]
[-22.75340451 -68.46069499   5.84334507] ---- [-21.41807   -67.59056     3.5477753]
[11.06269185 13.61019071 30.43347913] ---- [11.728419 14.028704 32.33819 ]
[  1.39423493 -56.42852608  34.98203504] ---- [  1.1373118 -55.582756   34.178467 ]
[ 4.70849944  0.27458084 20.36546701] ---- [ 5.0061026  1.7316955 20.014893 ]
[-16.33401018 -52.01659627   8.66577689] ---- [-16.74645  -51.307938   9.867192]
[14.20155563 10.85849278 25.68330498] ---- [14.747647 10.337013 26.249987]
[12.0265222   5.48625641 20.65693552] ---- [11.875731   5.0119104 19.490454 ]
[ 5.82175749 10.44951543  6.10436717] ---- [ 6.0294533 10.215623   6.6018276]
[16.20462393  9.27796412  0.06516256] ---- [16.312563   8.963915   0.8007277]
[  6.74222374 -63.939063    15.20918996] ---- [  6.334552 -64.123314  15.572856]
[-43.11894465 -35.91066924  10.63592267] ---- [-44.967735  -35.949154   10.2995825]
[-75.62296928  -1.42751012  11.94899096] ---- [-76.76315    -1.2237296  10.9593935]
[ 6.81025635 -1.73621877 14.26488349] ---- [ 6.480707   -0.62513673 14.075319  ]
[  4.28600198 -24.71969076  33.40426763] ---- [  4.7163186 -24.02639    33.504486 ]
[  8.21637591 -44.96301007  20.70698188] ---- [  7.1532598 -44.97589    21.290495 ]
[-53.67565943 -24.20822141  10.38135234] ---- [-53.62908  -24.491669  10.463803]
[-12.70548374 -57.94737277  27.92882619] ---- [-11.897106 -58.369343  28.510319]
[-58.28032433  12.99361021  24.57669911] ---- [-57.411427  13.913188  24.170555]
[ 11.28583948 -47.2141279    8.87436335] ---- [ 10.431605 -46.956543   8.753672]
[ 16.98912425 -21.69830461  33.45010874] ---- [ 17.115744 -21.962608  33.61203 ]
[ 9.08665949 12.70717184 12.61456862] ---- [ 8.115548 12.246211 12.958981]
[  5.5913429  -67.28466921   2.34821742] ---- [  4.863699  -67.567055    3.2862787]
[-62.84535537   5.37061359  17.3296184 ] ---- [-62.184532    4.5660872  17.697052 ]
[-0.98113333  5.74064772 12.5595317 ] ---- [-0.2450949  6.4916263 13.008907 ]
[12.84569273 14.57983958 12.87312697] ---- [11.598965 13.80508  12.88384 ]
[  9.32962873 -52.36877086  20.61285001] ---- [  7.9162817 -52.240463   21.418531 ]
[-2.74652843 18.13628009 13.30132779] ---- [-3.3573074 18.971174  12.3309   ]
[13.25764696 13.77559971 18.59062183] ---- [12.800543 12.352996 19.102665]
[ 5.1358684  13.42359302 25.99285893] ---- [ 4.9736466 13.3072195 25.594486 ]
[17.79084886 11.52381841  0.13429402] ---- [19.306486  11.622947   0.7847725]
[ 9.83192945 18.57545329 23.3225948 ] ---- [ 9.861795 18.569239 25.572117]
[ 10.65184986 -68.39648133   7.96970827] ---- [ 11.391243 -66.06577    9.133852]
[-14.21727655 -52.59683589   8.5059898 ] ---- [-15.010066  -52.31704     9.8095875]
[  8.08667672 -27.08966113   2.15353668] ---- [  9.099795  -28.385252    2.1131332]
[-10.64717773  12.05806254  13.15614005] ---- [-11.185162  11.650375  12.304002]
[10.50415281  5.71604515  7.67655857] ---- [10.020672   6.0983047  6.9475355]
[ 5.90456975  8.80792167 13.25417742] ---- [ 6.1385536  8.8870325 13.230598 ]
[-68.95702664   0.18360381  12.27079386] ---- [-67.288        0.90974694  11.364941  ]
[16.69879074  9.95523573  0.03341672] ---- [17.16297     9.664176    0.71247935]
[13.14218011 -4.69426816 21.56324012] ---- [13.134798 -6.031918 20.508165]
[ -1.80718483 -64.46784098  15.98156423] ---- [ -2.1810088 -63.846684   15.567244 ]
[2.71221565 7.64761514 6.47609236] ---- [3.7411816 7.538533  6.7776675]
[-33.79195441 -45.88864468   5.26503599] ---- [-33.54399   -45.985115    3.9260056]
[ 11.64829489 -58.60364514   9.54005354] ---- [ 12.109237 -57.220337   8.996069]
[15.83239931  7.1163853   0.70638939] ---- [15.657874   6.946801   1.3161955]
[-19.43715795   8.2377698   31.80045851] ---- [-18.812216   7.001865  31.101982]
[13.89603564 15.96780538 22.76247297] ---- [15.662641 15.563212 25.802822]
[ -3.7752604  -68.99473529   2.5984275 ] ---- [ -4.526922  -69.68735     2.9549816]
[-17.79055867  14.4042175    5.83518715] ---- [-18.396242  13.161763   5.716869]
[-0.48082259  4.92702718 19.94294088] ---- [-0.12909919  5.9208355  20.45256   ]
[ -4.71333285 -48.49320622  14.54458977] ---- [ -9.051805 -48.918755  16.207407]
[17.81421899  8.32213447  0.45180778] ---- [19.700405   8.0416975  1.112159 ]
[  9.65641793 -52.42882547  34.35873911] ---- [ 10.677611 -51.974304  34.151985]
[-54.74912461 -13.84496086  31.63004061] ---- [-52.02441  -14.775953  29.460123]
[ 8.40135962 16.42470222 18.81719357] ---- [ 7.4117894 15.532823  19.063498 ]
[ 6.85769616 17.86918254 24.2453553 ] ---- [ 6.4920173 18.405558  25.562775 ]
[13.52763613 -1.33192216  1.73991414] ---- [12.798863  -0.9503544  1.3570385]
[ -0.40377439 -72.64964704   2.90418848] ---- [ -1.8111998 -73.56865     3.176866 ]
[ 1.33930657 -1.25129658  8.69091473] ---- [ 1.3630359 -0.4717475  7.857695 ]
[ 9.78100973  3.81332263 27.16897521] ---- [ 9.663556   3.8508391 26.346395 ]
[16.09036886  0.21537776 27.3307762 ] ---- [16.095722   -0.20164894 26.861443  ]
[-73.51510758 -11.24187914  10.9828378 ] ---- [-73.042274 -12.555357  11.106586]
[13.29444131 -6.80761844 32.92713941] ---- [13.299667  -6.4387507 33.147747 ]
[ 11.8266527  -39.23657231  15.17322701] ---- [ 11.323356 -39.23304   14.863662]
[-16.52572673   3.5239556   18.18356707] ---- [-18.466473    4.0161047  18.355547 ]
[11.83651309  1.33082255 33.34387617] ---- [11.885595   1.7005209 32.923138 ]
[11.76227579 10.5556968  31.41252485] ---- [12.274029 10.840333 32.351875]
[-17.55911247   8.71011358  18.64035822] ---- [-18.068129    8.7802105  18.575361 ]
[-21.05283153 -55.69323993  15.82415721] ---- [-19.939817 -55.73073   16.233984]
[-62.23326941   7.93253785  17.80343921] ---- [-61.78911     7.1952395  17.590647 ]
[-69.81145059  -1.97427528  22.51884026] ---- [-69.755      -2.1967666  23.366047 ]
[10.60020938 -4.4709642  14.66516692] ---- [10.84111   -4.8848386 14.060348 ]
[-51.83082743   7.10761719   9.46538415] ---- [-51.504406   7.055591  11.618739]
[  7.14733371 -17.86817659   2.34493049] ---- [  7.731333  -17.75067     1.8693215]
[-32.52619026  12.03448452  13.31115141] ---- [-30.25954   12.565341  11.94174 ]
[-56.30425115   6.90417009  11.66055747] ---- [-54.397808    5.106553   10.7277565]
[ 7.01024618 -0.46882874  9.0523678 ] ---- [7.180572e+00 6.701400e-03 8.227589e+00]
[-74.58941015  -2.35728568   4.64868473] ---- [-75.99258    -1.3128979   4.686123 ]
[-10.18570405   5.09769312  25.16993966] ---- [-10.132258   4.624921  24.941198]
[14.14572261 10.94834279 25.72514686] ---- [14.699104 10.413984 26.304308]
[-67.12233769   3.77312379  18.71160033] ---- [-67.176384    2.8610246  17.168947 ]
[-7.67692981 13.01348348 18.86706126] ---- [-7.7230234 13.231216  18.478045 ]
[-16.23914714 -57.798254    15.93288159] ---- [-15.565184 -57.601097  16.057287]
[-44.07422847   8.41181215  30.59707087] ---- [-44.497875   8.881279  30.708668]
[-23.86689252 -56.69826109  27.19550955] ---- [-22.784286 -57.57734   28.826838]
[10.8120731  14.61424258  1.0315962 ] ---- [ 9.957745  14.629002   0.6388622]
[-56.10494404 -29.26186696  30.4794473 ] ---- [-57.95421 -25.29153  29.2631 ]
[11.45339731  9.11154124 31.99366127] ---- [11.666964  9.029389 32.169582]
[-7.14719841  6.91906188 18.24766315] ---- [-7.4200487  7.346979  18.922163 ]
[ 16.82723439 -17.58723699  33.03735745] ---- [ 16.333937 -18.083212  33.615097]
[-4.46046442  5.00499306 18.07434358] ---- [-4.629166  5.72007  18.84445 ]
[-16.02079919   7.08358136   5.72015454] ---- [-17.080917   5.756844   6.033015]
[ 2.46287591  5.72221674 26.31102018] ---- [ 2.7903929  6.4299483 25.742065 ]
[ 12.58284165 -62.35520108  27.28095666] ---- [ 13.342982 -63.549957  27.753273]
[ 11.67438521 -42.80111147  15.38733889] ---- [ 11.146646 -42.766457  15.063598]
